<Qucs Dataset 1.0.3>
<indep time 200>
  +0.00000000000000000000e+00
  +5.02512562814070391889e-10
  +1.00502512562814078378e-09
  +1.50753768844221107227e-09
  +2.01005025125628156756e-09
  +2.51256281407035206284e-09
  +3.01507537688442214454e-09
  +3.51758793969849263983e-09
  +4.02010050251256313511e-09
  +4.52261306532663363040e-09
  +5.02512562814070412569e-09
  +5.52763819095477462097e-09
  +6.03015075376884428908e-09
  +6.53266331658291478436e-09
  +7.03517587939698527965e-09
  +7.53768844221105577494e-09
  +8.04020100502512627022e-09
  +8.54271356783919676551e-09
  +9.04522613065326726080e-09
  +9.54773869346733775608e-09
  +1.00502512562814082514e-08
  +1.05527638190954787467e-08
  +1.10552763819095492419e-08
  +1.15577889447236197372e-08
  +1.20603015075376885782e-08
  +1.25628140703517590734e-08
  +1.30653266331658295687e-08
  +1.35678391959799000640e-08
  +1.40703517587939705593e-08
  +1.45728643216080410546e-08
  +1.50753768844221115499e-08
  +1.55778894472361820452e-08
  +1.60804020100502525404e-08
  +1.65829145728643230357e-08
  +1.70854271356783935310e-08
  +1.75879396984924640263e-08
  +1.80904522613065345216e-08
  +1.85929648241206050169e-08
  +1.90954773869346755122e-08
  +1.95979899497487460075e-08
  +2.01005025125628165027e-08
  +2.06030150753768869980e-08
  +2.11055276381909574933e-08
  +2.16080402010050279886e-08
  +2.21105527638190984839e-08
  +2.26130653266331689792e-08
  +2.31155778894472394745e-08
  +2.36180904522613099697e-08
  +2.41206030150753771563e-08
  +2.46231155778894476516e-08
  +2.51256281407035181469e-08
  +2.56281407035175886422e-08
  +2.61306532663316591375e-08
  +2.66331658291457296327e-08
  +2.71356783919598001280e-08
  +2.76381909547738706233e-08
  +2.81407035175879411186e-08
  +2.86432160804020116139e-08
  +2.91457286432160821092e-08
  +2.96482412060301526045e-08
  +3.01507537688442230998e-08
  +3.06532663316582935950e-08
  +3.11557788944723640903e-08
  +3.16582914572864345856e-08
  +3.21608040201005050809e-08
  +3.26633165829145755762e-08
  +3.31658291457286460715e-08
  +3.36683417085427165668e-08
  +3.41708542713567870620e-08
  +3.46733668341708575573e-08
  +3.51758793969849280526e-08
  +3.56783919597989985479e-08
  +3.61809045226130690432e-08
  +3.66834170854271395385e-08
  +3.71859296482412100338e-08
  +3.76884422110552805291e-08
  +3.81909547738693510243e-08
  +3.86934673366834215196e-08
  +3.91959798994974920149e-08
  +3.96984924623115625102e-08
  +4.02010050251256330055e-08
  +4.07035175879397035008e-08
  +4.12060301507537739961e-08
  +4.17085427135678444913e-08
  +4.22110552763819149866e-08
  +4.27135678391959854819e-08
  +4.32160804020100559772e-08
  +4.37185929648241264725e-08
  +4.42211055276381969678e-08
  +4.47236180904522674631e-08
  +4.52261306532663379584e-08
  +4.57286432160804084536e-08
  +4.62311557788944789489e-08
  +4.67336683417085494442e-08
  +4.72361809045226199395e-08
  +4.77386934673366904348e-08
  +4.82412060301507543126e-08
  +4.87437185929648248079e-08
  +4.92462311557788953032e-08
  +4.97487437185929657985e-08
  +5.02512562814070362938e-08
  +5.07537688442211067891e-08
  +5.12562814070351772843e-08
  +5.17587939698492477796e-08
  +5.22613065326633182749e-08
  +5.27638190954773887702e-08
  +5.32663316582914592655e-08
  +5.37688442211055297608e-08
  +5.42713567839196002561e-08
  +5.47738693467336707514e-08
  +5.52763819095477412466e-08
  +5.57788944723618117419e-08
  +5.62814070351758822372e-08
  +5.67839195979899527325e-08
  +5.72864321608040232278e-08
  +5.77889447236180937231e-08
  +5.82914572864321642184e-08
  +5.87939698492462347136e-08
  +5.92964824120603052089e-08
  +5.97989949748743823217e-08
  +6.03015075376884461995e-08
  +6.08040201005025233122e-08
  +6.13065326633165871901e-08
  +6.18090452261306643028e-08
  +6.23115577889447281807e-08
  +6.28140703517588052934e-08
  +6.33165829145728691712e-08
  +6.38190954773869462840e-08
  +6.43216080402010101618e-08
  +6.48241206030150740396e-08
  +6.53266331658291511524e-08
  +6.58291457286432150302e-08
  +6.63316582914572921429e-08
  +6.68341708542713560208e-08
  +6.73366834170854331335e-08
  +6.78391959798994970114e-08
  +6.83417085427135741241e-08
  +6.88442211055276380019e-08
  +6.93467336683417151147e-08
  +6.98492462311557789925e-08
  +7.03517587939698561052e-08
  +7.08542713567839199831e-08
  +7.13567839195979970958e-08
  +7.18592964824120609737e-08
  +7.23618090452261380864e-08
  +7.28643216080402019642e-08
  +7.33668341708542790770e-08
  +7.38693467336683429548e-08
  +7.43718592964824200675e-08
  +7.48743718592964839454e-08
  +7.53768844221105610581e-08
  +7.58793969849246249359e-08
  +7.63819095477387020487e-08
  +7.68844221105527659265e-08
  +7.73869346733668430392e-08
  +7.78894472361809069171e-08
  +7.83919597989949840298e-08
  +7.88944723618090479077e-08
  +7.93969849246231250204e-08
  +7.98994974874371888982e-08
  +8.04020100502512660110e-08
  +8.09045226130653298888e-08
  +8.14070351758794070015e-08
  +8.19095477386934708794e-08
  +8.24120603015075479921e-08
  +8.29145728643216118700e-08
  +8.34170854271356889827e-08
  +8.39195979899497528605e-08
  +8.44221105527638299733e-08
  +8.49246231155778938511e-08
  +8.54271356783919709638e-08
  +8.59296482412060348417e-08
  +8.64321608040201119544e-08
  +8.69346733668341758322e-08
  +8.74371859296482529450e-08
  +8.79396984924623168228e-08
  +8.84422110552763939356e-08
  +8.89447236180904578134e-08
  +8.94472361809045349261e-08
  +8.99497487437185988040e-08
  +9.04522613065326759167e-08
  +9.09547738693467397945e-08
  +9.14572864321608169073e-08
  +9.19597989949748807851e-08
  +9.24623115577889578978e-08
  +9.29648241206030217757e-08
  +9.34673366834170988884e-08
  +9.39698492462311627663e-08
  +9.44723618090452398790e-08
  +9.49748743718593037568e-08
  +9.54773869346733808696e-08
  +9.59798994974874447474e-08
  +9.64824120603015086252e-08
  +9.69849246231155857380e-08
  +9.74874371859296496158e-08
  +9.79899497487437267286e-08
  +9.84924623115577906064e-08
  +9.89949748743718677191e-08
  +9.94974874371859315970e-08
  +1.00000000000000008710e-07
</indep>
<indep acfrequency 1>
  +1.60000000000000000000e+09
</indep>
<dep Pr1.It time>
  -0.00000000000000000000e+00
  -9.42948494867437009281e-03
  -6.27887973340858236010e-03
  +5.24852162764469307860e-03
  +9.77375100766707249900e-03
  +1.25959705067718000411e-03
  -8.93501395714875121246e-03
  -7.20921978814715279371e-03
  +4.13455833652134722989e-03
  +9.96232822271006686343e-03
  +2.49912962370309231844e-03
  -8.29821460135724865703e-03
  -8.02472214201575134718e-03
  +2.95473449634673637418e-03
  +9.99221269401275730138e-03
  +3.69885285416544787665e-03
  -7.52923063833377953502e-03
  -8.71239642738459198201e-03
  +1.72784385474099300151e-03
  +9.86292838338002561538e-03
  +4.83965601142840370213e-03
  -6.64031143110429232512e-03
  -9.26128848607842523888e-03
  +4.73429899715537298634e-04
  +9.57653469715932098572e-03
  +5.90336691936521607005e-03
  -5.64561682511924289862e-03
  -9.66265486126020173296e-03
  -7.88525454074705234829e-04
  +9.13759368137438861279e-03
  +1.29538426904592298555e-02
  -1.00267913609895856220e-02
  -1.96322705102249424336e-02
  -3.04490039566485907324e-03
  +1.76034387760178254179e-02
  +1.47670005999622818565e-02
  -7.77093289467802646880e-03
  -1.99418716117275574007e-02
  -5.50751503763235571859e-03
  +1.62731716703922620060e-02
  +1.63442761731295467531e-02
  -5.39096420459177824019e-03
  -1.99333136675882600930e-02
  -7.88247117828783268323e-03
  +1.46839332451966873144e-02
  +1.76598796690172442359e-02
  -2.92483469550947451990e-03
  -1.96061486059979014906e-02
  -1.01311193635588228656e-02
  +1.28610700789175049635e-02
  +1.86957009803632272227e-02
  -4.12172724430517835228e-04
  -1.89671559139929640780e-02
  -1.22203909542640057340e-02
  +1.08329001089394558882e-02
  +1.94322396124341906232e-02
  +2.10676489508208365786e-03
  -1.80276739501491617412e-02
  -1.41132489817685537192e-02
  +8.63283341705502887953e-03
  +1.98580812326442611437e-02
  +4.59211164054128956336e-03
  -1.68019266931889697803e-02
  -1.57811755442795881299e-02
  +6.29581821030649000509e-03
  +1.99694591450266870081e-02
  +7.00436439526299844949e-03
  -1.53074959088796407752e-02
  -1.71985583933805460943e-02
  +3.85752909009120939846e-03
  +1.97645365275258763638e-02
  +9.30486344320888107695e-03
  -1.35689345590225274307e-02
  -1.83413734839865359694e-02
  +1.35715834933519620582e-03
  +1.92434392917055774319e-02
  +1.14572647401916458132e-02
  -1.16162162169348975177e-02
  -1.91909831423680565798e-02
  -1.16395986600568361428e-03
  +1.84163608064581880985e-02
  +1.34268881065874780972e-02
  -9.47648259562092892816e-03
  -1.97360036152652573715e-02
  -3.66699307585944362861e-03
  +1.72956406203951668088e-02
  +1.51827204553252811947e-02
  -7.18624030361726413157e-03
  -1.99656414276173747868e-02
  -6.11118524179450704065e-03
  +1.58977266076857012833e-02
  +1.66969477390597857702e-02
  -4.78081769157813907950e-03
  -1.98779759820680718141e-02
  -8.45850363892425988199e-03
  +1.42490848406679315036e-02
  +1.79450348617509365667e-02
  -2.29920960119579798064e-03
  -1.94748012015300356325e-02
  -1.06709928712706274972e-02
  +1.23720929424627219123e-02
  +1.89073768509045100905e-02
  +2.18514707700923202158e-04
  -1.87614585194709852789e-02
  -1.27138003437225321351e-02
  +1.02978835167313667598e-02
  +1.95686773903838429067e-02
  +2.73306023318351356058e-03
  -1.77500872323747421744e-02
  -1.45519868025004231460e-02
  +8.05987026281682755746e-03
  +1.99173888964919998390e-02
  +5.20403551228536959128e-03
  -1.64529321038099814178e-02
  -1.61599313316805603957e-02
  +5.69404653974347682577e-03
  +1.99476924364380518717e-02
  +7.59123618493610062552e-03
  -1.48954443638252016086e-02
  -1.75092901135075820762e-02
  +3.23623115825943290583e-03
  +1.96624504836289022702e-02
  +9.85954499186556497514e-03
  -1.31006056080613664250e-02
  -1.85808826131969029305e-02
  +7.27431682408078567059e-04
  +1.90637209812557599509e-02
  +1.19700502428860301729e-02
  -1.10964946111051388639e-02
  -1.93553332322841248336e-02
  -1.79293391800505806481e-03
  +1.81617982882596243344e-02
  +1.38886668990091007025e-02
  -8.91565350604901253606e-03
  -1.98225500748468314027e-02
  -4.28511119332587123859e-03
  +1.69709633532978305948e-02
  +1.55851990475904360334e-02
  -6.59416234505246813546e-03
  -1.99731300068269057579e-02
  -6.70819883025481570465e-03
  +1.55089110606927114977e-02
  +1.70359738004471211736e-02
  -4.16583053512928607603e-03
  -1.98063897156194601568e-02
  -9.02467045549696852969e-03
  +1.37995751851733676474e-02
  +1.82128000399441290769e-02
  -1.67155017793184541841e-03
  -1.93246395448722282917e-02
  -1.11978679925156983377e-02
  +1.18714595670532836735e-02
  +1.91028002385749719194e-02
  +8.49054067063607941813e-04
  -1.85353405670754603496e-02
  -1.31920383443625815340e-02
  +9.75284222839805335636e-03
  +1.96850717528810441326e-02
  +3.35660786742340020231e-03
  -1.74502128176093791734e-02
  -1.49766904050861113240e-02
  +7.47882828257624612117e-03
  +1.99543047641758918009e-02
  +5.81034324109362763228e-03
  -1.60870182659883231846e-02
  -1.65224556238778193251e-02
  +5.08611545695377125637e-03
  +1.99059035277849086243e-02
  +8.17152951201075526677e-03
  -1.44682943831654902550e-02
  -1.78048815113761721429e-02
  +2.61249377002948247189e-03
  +1.95423587080868453592e-02
  +1.04022381408187310908e-02
  -1.26190200685883536363e-02
  -1.88033575365601085538e-02
  +9.67970693885052108725e-05
  +1.88674795568314485061e-02
  +1.24682937446849578800e-02
  -1.05664403226603791780e-02
  -1.95029843751880309355e-02
  -2.42012642743565618841e-03
  +1.78906257322571510260e-02
  +1.43339939101425756229e-02
  -8.34720929892455131005e-03
  -1.98901564686234239021e-02
  -4.89850309433229220979e-03
  +1.66293033107729505693e-02
  +1.59716636219468625935e-02
  -5.99486303908128206203e-03
  -1.99609725171798410570e-02
  -7.29884792356984453410e-03
  +1.51036546981596474931e-02
  +1.73549920502037470504e-02
  -3.54665392965720959254e-03
  -1.97156126039682126627e-02
  -9.58363957712747224771e-03
  +1.33363973037512410086e-02
  +1.84625719816046800215e-02
  -1.04230864402319592030e-03
</dep>
<dep Pr2.It time>
  +0.00000000000000000000e+00
  +0.00000000000000000000e+00
  +0.00000000000000000000e+00
  +0.00000000000000000000e+00
  +0.00000000000000000000e+00
  +0.00000000000000000000e+00
  +0.00000000000000000000e+00
  +0.00000000000000000000e+00
  +0.00000000000000000000e+00
  +0.00000000000000000000e+00
  +0.00000000000000000000e+00
  -8.48856017498252589382e-03
  -7.81342351084812931916e-03
  +3.28580047738862793955e-03
  +1.00013633758351521558e-02
  +3.37351071182326279693e-03
  -7.75488910183718110208e-03
  -8.53760447995075694161e-03
  +2.06981130222634330390e-03
  +9.91521248250713804762e-03
  +9.34436909436297917508e-03
  -1.40460961321158921133e-02
  -1.81071285433378019458e-02
  +1.98816320264665101838e-03
  +1.94313688474191670341e-02
  +1.09468948817384240102e-02
  -1.21384780233826702206e-02
  -1.90329736919694694763e-02
  -5.34643858555115900760e-04
  +1.86782830998529145172e-02
  +1.29706670855973520834e-02
  -1.00388618785519495580e-02
  -1.96552646896614689742e-02
  -3.04880791353128507287e-03
  +1.76249448999351576717e-02
  +1.47844660864375129772e-02
  -7.78002811521929030225e-03
  -1.99633609887641776115e-02
  -5.51419152330289569219e-03
  +1.62926245232889559122e-02
  +1.63647930832823557123e-02
  -5.39692607272844720318e-03
  -1.99537569000854814183e-02
  -7.89233932981609105639e-03
  +1.47005127809881966372e-02
  +1.76804689733749825775e-02
  -2.92811682575076391230e-03
  -1.96278302801764920060e-02
  -1.01429917665231978524e-02
  +1.28753204323141193927e-02
  +1.87176604123734866003e-02
  -4.12487908326246910037e-04
  -1.89900666580766555591e-02
  -1.22357786159366672268e-02
  +1.08465802509494294026e-02
  +1.94557367862549304705e-02
  +2.10945066210530083467e-03
  -1.80496149917042901512e-02
  -1.41316304162526721472e-02
  +8.64330186216942172872e-03
  +1.98823620993405954238e-02
  +4.59775892676485102573e-03
  -1.68227897231899570230e-02
  -1.58000157923427440865e-02
  +6.30321366722590235160e-03
  +1.99938646181321115491e-02
  +7.01299735325773467703e-03
  -1.53269032433070682975e-02
  -1.72192116644943500614e-02
  +3.86197875098374943104e-03
  +1.97901171116007697226e-02
  +9.31670141692762278363e-03
  -1.35855360052938994864e-02
  -1.83637996282395785097e-02
  +1.35859465315417752250e-03
  +1.92672276402490530445e-02
  +1.14712521779524404680e-02
  -1.16309370078193329012e-02
  -1.92146808689024235772e-02
  -1.16565053077137222894e-03
  +1.84379585527390046917e-02
  +1.34427881840152446680e-02
  -9.48780831079650173454e-03
  -1.97598998150671154028e-02
  -3.67188028628062006556e-03
  +1.73154329265462446352e-02
  +1.52019146135652285373e-02
  -7.19481340491760421041e-03
  -1.99893772194180419088e-02
  -6.11879544346361804730e-03
  +1.59164934595961288233e-02
  +1.67166494065322385199e-02
  -4.78652528104137140602e-03
  -1.99022707552316338586e-02
  -8.46903446666685821853e-03
  +1.42665226468492237211e-02
  +1.79663699570435167474e-02
  -2.30178359273978906316e-03
  -1.94984576741657755772e-02
  -1.06843408455338153423e-02
  +1.23882156791879464997e-02
  +1.89302307630925745197e-02
  +2.18967562246928626989e-04
  -1.87838130064587986723e-02
  -1.27290047617581985467e-02
  +1.03106135911388858278e-02
  +1.95923312684417524898e-02
  +2.73678736027597622679e-03
  -1.77713213908677197805e-02
  -1.45698381595870170985e-02
  +8.06980203186223252199e-03
  +1.99421289457722451799e-02
  +5.21113886513939646161e-03
  -1.64719798408890019670e-02
  -1.61803548016380138730e-02
  +5.70083563797619749525e-03
  +1.99717854241614929667e-02
  +7.60078567437752830593e-03
  -1.49133091970513349117e-02
  -1.75307674574464271433e-02
  +3.23988079873874582071e-03
  +1.96859703320070959787e-02
  +9.87209551003204177633e-03
  -1.31169236580951278220e-02
  -1.86028610837094508790e-02
  +7.28176143348420131830e-04
  +1.90867449076979542322e-02
  +1.19849506160464545912e-02
  -1.11096887940052672927e-02
  -1.93787855776937772978e-02
  -1.79513860967314524408e-03
  +1.81842912934327520513e-02
  +1.39059985775065800273e-02
  -8.92634360447638192104e-03
  -1.98463041854191023228e-02
  -4.29044185370504142785e-03
  +1.69916164729469743033e-02
  +1.56034833898788180551e-02
  -6.60231488522591749429e-03
  -1.99972427778052665170e-02
  -6.71624235902878313764e-03
  +1.55284756783605586150e-02
  +1.70576375787518316751e-02
  -4.17083278430423198824e-03
  -1.98305318863660103024e-02
  -9.03524487171368170801e-03
  +1.38167123510829891603e-02
  +1.82347945822907350766e-02
  -1.67339593777055548399e-03
  -1.93478576270648718050e-02
  -1.12114835226940108559e-02
  +1.18858244455116099370e-02
  +1.91257406161087009644e-02
  +8.50271928375261856932e-04
  -1.85583173921606628398e-02
  -1.32078290002629900740e-02
  +9.76468699636916931395e-03
  +1.97087260756234582126e-02
  +3.36134796980038777145e-03
  -1.74723610055501320237e-02
  -1.49952766228901562123e-02
  +7.48760892768884044057e-03
  +1.99781610203644231782e-02
  +5.81736537563229925973e-03
  -1.61071879890605923480e-02
  -1.65430131747938830022e-02
  +5.09214687772455848469e-03
  +1.99301301911462697136e-02
  +8.18172597340409077371e-03
  -1.44858503150256771874e-02
  -1.78269279450922954466e-02
  +2.61557400328346493015e-03
  +1.95658241391133101705e-02
  +1.04148048618736884657e-02
  -1.26347983852643334923e-02
  -1.88265305749501857258e-02
  +9.67179609665850360334e-05
  +1.88892950862401126644e-02
  +1.24822204418110292018e-02
  -1.05788917241143413939e-02
  -1.95249912633424886621e-02
  -2.42334997293847933739e-03
  +1.79117182238434612118e-02
  +1.43519949620166589049e-02
  -8.35693305718336262866e-03
  -1.99140700862794860215e-02
  -4.90462430486044743960e-03
  +1.66494365919333635329e-02
  +1.59916378299915472316e-02
  -6.00205317701129736213e-03
  -1.99851782638136403480e-02
  -7.30739588826229136131e-03
  +1.51208825043603195537e-02
  +1.73757993491360368532e-02
  -3.55100306332712094964e-03
  -1.97402025068558230336e-02
  -9.59562510417044135791e-03
  +1.33526292234389439700e-02
  +1.84850198220201239474e-02
  -1.04342958075126935463e-03
</dep>
<dep Pr3.It time>
  +0.00000000000000000000e+00
  +0.00000000000000000000e+00
  +0.00000000000000000000e+00
  +0.00000000000000000000e+00
  +0.00000000000000000000e+00
  +0.00000000000000000000e+00
  +0.00000000000000000000e+00
  +0.00000000000000000000e+00
  +0.00000000000000000000e+00
  +0.00000000000000000000e+00
  +0.00000000000000000000e+00
  +0.00000000000000000000e+00
  +0.00000000000000000000e+00
  +0.00000000000000000000e+00
  +0.00000000000000000000e+00
  +9.63507350974998448556e-03
  -1.57279438772843019323e-02
  -1.68919606777339255388e-02
  +4.47962919641904742246e-03
  +1.98736523551185789715e-02
  +8.75394251611690855930e-03
  -1.40486273521901669503e-02
  -1.81103928053293339318e-02
  +1.98849364760166806912e-03
  +1.94344361719211676520e-02
  +1.09485853969797271301e-02
  -1.21403006876387112994e-02
  -1.90370219229274717510e-02
  -5.34731900094679766210e-04
  +1.86807204708476989885e-02
  +1.29723408130239109548e-02
  -1.00409477201733425555e-02
  -1.96581893257933709718e-02
  -3.04931523400132518595e-03
  +1.76289220234260406162e-02
  +1.47873650653752748696e-02
  -7.78085179842346458257e-03
  -1.99644070456848586603e-02
  -5.51524032411331629339e-03
  +1.62944629576930177794e-02
  +1.63665066910613152262e-02
  -5.39762347065516918249e-03
  -1.99563037169548096461e-02
  -7.89333063970658332931e-03
  +1.47022438788371196533e-02
  +1.76831625153609645063e-02
  -2.92853338288821688287e-03
  -1.96307102299233988962e-02
  -1.01447402577316894701e-02
  +1.28769525596111340110e-02
  +1.87215436474393280564e-02
  -4.12553255836351363394e-04
  -1.89929438571091110943e-02
  -1.22378298629917600659e-02
  +1.08480585614311193093e-02
  +1.94582978458647422315e-02
  +2.10974225127729233045e-03
  -1.80523422385416645874e-02
  -1.41338113309160372244e-02
  +8.64457105264039571413e-03
  +1.98853462951462493791e-02
  +4.59845785201186494501e-03
  -1.68252551296303974604e-02
  -1.58028989545580776654e-02
  +6.30446593581784984345e-03
  +1.99968967308584190390e-02
  +7.01398186268293536566e-03
  -1.53291199506422684551e-02
  -1.72219866317670639022e-02
  +3.86240448838828581354e-03
  +1.97931177189724395726e-02
  +9.31823511395389603162e-03
  -1.35873522803747828758e-02
  -1.83662304428235043097e-02
  +1.35874054039295867093e-03
  +1.92701945626208293039e-02
  +1.14730821236706543448e-02
  -1.16327062840592358045e-02
  -1.92177815944280551419e-02
  -1.16585420439862998826e-03
  +1.84413011227875060782e-02
  +1.34447984880311215833e-02
  -9.48905376143465220662e-03
  -1.97629738861232022440e-02
  -3.67241476291888489791e-03
  +1.73176359974215043902e-02
  +1.52040240595226715248e-02
  -7.19618935589799637448e-03
  -1.99924395969174190091e-02
  -6.12007048792664355708e-03
  +1.59186644253401961280e-02
  +1.67192029594069938025e-02
  -4.78693350006167885752e-03
  -1.99052411802968717836e-02
  -8.47037005329768361017e-03
  +1.42684755359243787415e-02
  +1.79687170313392215182e-02
  -2.30201757741760456785e-03
  -1.95014992959235446135e-02
  -1.06857797730016378102e-02
  +1.23902735051325211396e-02
  +1.89331496001477091184e-02
  +2.19044130850651547551e-04
  -1.87863406531053253601e-02
  -1.27307983617533614085e-02
  +1.03126036029456916859e-02
  +1.95955944823454908388e-02
  +2.73722151425081269144e-03
  -1.77732636898705782802e-02
  -1.45716705585587219529e-02
  +8.07069324727200526626e-03
  +1.99449919919101360810e-02
  +5.21181534141581040420e-03
  -1.64746672183167172654e-02
  -1.61827838251106109757e-02
  +5.70152546627379804012e-03
  +1.99747425613488564788e-02
  +7.60187127629408446183e-03
  -1.49156728044741934691e-02
  -1.75333667694016030747e-02
  +3.24026004763669234904e-03
  +1.96888585149671072050e-02
  +9.87340458342050690532e-03
  -1.31186435833468145740e-02
  -1.86058669286154401701e-02
  +7.28262936714105073299e-04
  +1.90895810249313707674e-02
  +1.19864556397881322214e-02
  -1.11118074482145414578e-02
  -1.93814030165095040059e-02
  -1.79541081446252660629e-03
  +1.81868358971236064592e-02
  +1.39088850342456230025e-02
  -8.92762613050936647274e-03
  -1.98492417766733958429e-02
  -4.29132042684219477957e-03
  +1.69942575166632491024e-02
  +1.56058398796512492329e-02
  -6.60336369756460081493e-03
  -2.00002408310099785704e-02
  -6.71734741152582321561e-03
  +1.55310107762768462303e-02
  +1.70597793817628753943e-02
  -4.17139082468046418911e-03
  -1.98335835454660665278e-02
  -9.03682329204396651845e-03
  +1.38182400340732432220e-02
  +1.82374931868763204279e-02
  -1.67366163518718226444e-03
  -1.93507546936315250052e-02
  -1.12126660105523832250e-02
  +1.18878667434458278745e-02
  +1.91282212689325228916e-02
  +8.50441057734380818564e-04
  -1.85613122485199372180e-02
  -1.32099368530060219673e-02
  +9.76592090372026266909e-03
  +1.97123707567855854794e-02
  +3.36189854119136200677e-03
  -1.74750979546756633753e-02
  -1.49977140922066126683e-02
  +7.48891912417004330244e-03
  +1.99811018298350594191e-02
  +5.81836871357027923118e-03
  -1.61093146472411317960e-02
  -1.65460764953976290081e-02
  +5.09275983440342014386e-03
  +1.99331075751266566243e-02
  +8.18216784837617373827e-03
  -1.44888241943537804390e-02
  -1.78297025850498655486e-02
  +2.61601989707125563017e-03
  +1.95688860036098942474e-02
  +1.04160834189624545987e-02
  -1.26363130438654387711e-02
  -1.88287413030068032094e-02
  +9.66939570846747008205e-05
  +1.88916024885835316660e-02
  +1.24840775610010699254e-02
  -1.05804304142032117031e-02
  -1.95278044463113621687e-02
  -2.42378990734955050701e-03
  +1.79147723460965843656e-02
  +1.43540167191655750056e-02
  -8.35806360215389856916e-03
  -1.99172610773671425466e-02
  -4.90519672069174988982e-03
  +1.66518801201491241371e-02
  +1.59941864597386955438e-02
  -6.00326656332010859946e-03
  -1.99882030646469747992e-02
  -7.30871339321688580359e-03
  +1.51231723914198971925e-02
  +1.73785683253609990473e-02
  -3.55161563086983005436e-03
  -1.97432663562722675310e-02
  -9.59700374028849521879e-03
  +1.33547844931958953341e-02
  +1.84874718371623170121e-02
  -1.04354657292133885631e-03
</dep>
<dep V1.It time>
  +0.00000000000000000000e+00
  +9.42948494867437009281e-03
  +6.27887973340858236010e-03
  -5.24852162764469307860e-03
  -9.77375100766707249900e-03
  -1.25959705067718000411e-03
  +8.93501395714875121246e-03
  +7.20921978814715279371e-03
  -4.13455833652134722989e-03
  -9.96232822271006686343e-03
  -2.49912962370309231844e-03
  +8.29821460135724865703e-03
  +8.02472214201575134718e-03
  -2.95473449634673637418e-03
  -9.99221269401275730138e-03
  -3.69885285416544787665e-03
  +7.52923063833377953502e-03
  +8.71239642738459198201e-03
  -1.72784385474099300151e-03
  -9.86292838338002561538e-03
  -4.83965601142840370213e-03
  +6.64031143110429232512e-03
  +9.26128848607842523888e-03
  -4.73429899715537298634e-04
  -9.57653469715932098572e-03
  -5.90336691936521607005e-03
  +5.64561682511924289862e-03
  +9.66265486126020173296e-03
  +7.88525454074705234829e-04
  -9.13759368137438861279e-03
  -1.29538426904592298555e-02
  +1.00267913609895856220e-02
  +1.96322705102249424336e-02
  +3.04490039566485907324e-03
  -1.76034387760178254179e-02
  -1.47670005999622818565e-02
  +7.77093289467802646880e-03
  +1.99418716117275574007e-02
  +5.50751503763235571859e-03
  -1.62731716703922620060e-02
  -1.63442761731295467531e-02
  +5.39096420459177824019e-03
  +1.99333136675882600930e-02
  +7.88247117828783268323e-03
  -1.46839332451966873144e-02
  -1.76598796690172442359e-02
  +2.92483469550947451990e-03
  +1.96061486059979014906e-02
  +1.01311193635588228656e-02
  -1.28610700789175049635e-02
  -1.86957009803632272227e-02
  +4.12172724430517835228e-04
  +1.89671559139929640780e-02
  +1.22203909542640057340e-02
  -1.08329001089394558882e-02
  -1.94322396124341906232e-02
  -2.10676489508208365786e-03
  +1.80276739501491617412e-02
  +1.41132489817685537192e-02
  -8.63283341705502887953e-03
  -1.98580812326442611437e-02
  -4.59211164054128956336e-03
  +1.68019266931889697803e-02
  +1.57811755442795881299e-02
  -6.29581821030649000509e-03
  -1.99694591450266870081e-02
  -7.00436439526299844949e-03
  +1.53074959088796407752e-02
  +1.71985583933805460943e-02
  -3.85752909009120939846e-03
  -1.97645365275258763638e-02
  -9.30486344320888107695e-03
  +1.35689345590225274307e-02
  +1.83413734839865359694e-02
  -1.35715834933519620582e-03
  -1.92434392917055774319e-02
  -1.14572647401916458132e-02
  +1.16162162169348975177e-02
  +1.91909831423680565798e-02
  +1.16395986600568361428e-03
  -1.84163608064581880985e-02
  -1.34268881065874780972e-02
  +9.47648259562092892816e-03
  +1.97360036152652573715e-02
  +3.66699307585944362861e-03
  -1.72956406203951668088e-02
  -1.51827204553252811947e-02
  +7.18624030361726413157e-03
  +1.99656414276173747868e-02
  +6.11118524179450704065e-03
  -1.58977266076857012833e-02
  -1.66969477390597857702e-02
  +4.78081769157813907950e-03
  +1.98779759820680718141e-02
  +8.45850363892425988199e-03
  -1.42490848406679315036e-02
  -1.79450348617509365667e-02
  +2.29920960119579798064e-03
  +1.94748012015300356325e-02
  +1.06709928712706274972e-02
  -1.23720929424627219123e-02
  -1.89073768509045100905e-02
  -2.18514707700923202158e-04
  +1.87614585194709852789e-02
  +1.27138003437225321351e-02
  -1.02978835167313667598e-02
  -1.95686773903838429067e-02
  -2.73306023318351356058e-03
  +1.77500872323747421744e-02
  +1.45519868025004231460e-02
  -8.05987026281682755746e-03
  -1.99173888964919998390e-02
  -5.20403551228536959128e-03
  +1.64529321038099814178e-02
  +1.61599313316805603957e-02
  -5.69404653974347682577e-03
  -1.99476924364380518717e-02
  -7.59123618493610062552e-03
  +1.48954443638252016086e-02
  +1.75092901135075820762e-02
  -3.23623115825943290583e-03
  -1.96624504836289022702e-02
  -9.85954499186556497514e-03
  +1.31006056080613664250e-02
  +1.85808826131969029305e-02
  -7.27431682408078567059e-04
  -1.90637209812557599509e-02
  -1.19700502428860301729e-02
  +1.10964946111051388639e-02
  +1.93553332322841248336e-02
  +1.79293391800505806481e-03
  -1.81617982882596243344e-02
  -1.38886668990091007025e-02
  +8.91565350604901253606e-03
  +1.98225500748468314027e-02
  +4.28511119332587123859e-03
  -1.69709633532978305948e-02
  -1.55851990475904360334e-02
  +6.59416234505246813546e-03
  +1.99731300068269057579e-02
  +6.70819883025481570465e-03
  -1.55089110606927114977e-02
  -1.70359738004471211736e-02
  +4.16583053512928607603e-03
  +1.98063897156194601568e-02
  +9.02467045549696852969e-03
  -1.37995751851733676474e-02
  -1.82128000399441290769e-02
  +1.67155017793184541841e-03
  +1.93246395448722282917e-02
  +1.11978679925156983377e-02
  -1.18714595670532836735e-02
  -1.91028002385749719194e-02
  -8.49054067063607941813e-04
  +1.85353405670754603496e-02
  +1.31920383443625815340e-02
  -9.75284222839805335636e-03
  -1.96850717528810441326e-02
  -3.35660786742340020231e-03
  +1.74502128176093791734e-02
  +1.49766904050861113240e-02
  -7.47882828257624612117e-03
  -1.99543047641758918009e-02
  -5.81034324109362763228e-03
  +1.60870182659883231846e-02
  +1.65224556238778193251e-02
  -5.08611545695377125637e-03
  -1.99059035277849086243e-02
  -8.17152951201075526677e-03
  +1.44682943831654902550e-02
  +1.78048815113761721429e-02
  -2.61249377002948247189e-03
  -1.95423587080868453592e-02
  -1.04022381408187310908e-02
  +1.26190200685883536363e-02
  +1.88033575365601085538e-02
  -9.67970693885052108725e-05
  -1.88674795568314485061e-02
  -1.24682937446849578800e-02
  +1.05664403226603791780e-02
  +1.95029843751880309355e-02
  +2.42012642743565618841e-03
  -1.78906257322571510260e-02
  -1.43339939101425756229e-02
  +8.34720929892455131005e-03
  +1.98901564686234239021e-02
  +4.89850309433229220979e-03
  -1.66293033107729505693e-02
  -1.59716636219468625935e-02
  +5.99486303908128206203e-03
  +1.99609725171798410570e-02
  +7.29884792356984453410e-03
  -1.51036546981596474931e-02
  -1.73549920502037470504e-02
  +3.54665392965720959254e-03
  +1.97156126039682126627e-02
  +9.58363957712747224771e-03
  -1.33363973037512410086e-02
  -1.84625719816046800215e-02
  +1.04230864402319592030e-03
</dep>
<dep _net5.Vt time>
  +0.00000000000000000000e+00
  -9.42948494867437037037e-01
  -6.27887973340858218663e-01
  +5.24852162764469332146e-01
  +9.77375100766707194389e-01
  +1.25959705067718003013e-01
  -8.93501395714875079612e-01
  -7.20921978814715314066e-01
  +4.13455833652134729927e-01
  +9.96232822271006734915e-01
  +2.49912962370309243987e-01
  -8.29821460135724886520e-01
  -8.02472214201575217984e-01
  +2.95473449634673646091e-01
  +9.99221269401275757893e-01
  +3.69885285416544806747e-01
  -7.52923063833377925747e-01
  -8.71239642738459330040e-01
  +1.72784385474099300151e-01
  +9.86292838338002519905e-01
  +4.83965601142840373683e-01
  -6.64031143110429211696e-01
  -9.26128848607842503071e-01
  +4.73429899715537352844e-02
  +9.57653469715932126327e-01
  +5.90336691936521607005e-01
  -5.64561682511924289862e-01
  -9.66265486126020145541e-01
  -7.88525454074705395291e-02
  +9.13759368137438854340e-01
  +6.87304142609181156764e-01
  -4.56099159207019100304e-01
  -9.91010207442791779542e-01
  -2.03792016290150229674e-01
  +8.55309735160412420996e-01
  +7.73323331215338805045e-01
  -3.40371303404112424129e-01
  -9.99968846894156326854e-01
  -3.25485226510213665474e-01
  +7.83235631518888641978e-01
  +8.47024033772300843914e-01
  -2.19221576847686949741e-01
  -9.92998699778669058347e-01
  -4.41993690505584568839e-01
  +6.98685145993301559564e-01
  +9.07232250945484652860e-01
  -9.45798077948364762646e-02
  -9.70210795540983994556e-01
  -5.51461512003092235723e-01
  +6.03005107179628518921e-01
  +9.52988909015834217975e-01
  +3.15685497647662308141e-02
  -9.31968129152440316609e-01
  -6.52144947115154249850e-01
  +4.97719629475694813614e-01
  +9.83565137236362518891e-01
  +1.57214042967239037152e-01
  -8.78879878861479224561e-01
  -7.42440180929276216659e-01
  +3.84505835032045828470e-01
  +9.98473878220378363579e-01
  +2.80355229216979584539e-01
  -8.11791702421024830016e-01
  -8.20908875129242709967e-01
  +2.65167138398683943645e-01
  +9.97477646416341179325e-01
  +3.99030557732337420873e-01
  -7.31772266367098245254e-01
  -8.86301079693207594090e-01
  +1.41604519424981173392e-01
  +9.80592311082404188838e-01
  +5.11349615642302413043e-01
  -6.40096222927106439649e-01
  -9.37575143700815738512e-01
  +1.57862420136343946375e-02
  +9.48086843500517528760e-01
  +6.15523240908182445175e-01
  -5.38223905724308337994e-01
  -9.73914308085539026649e-01
  -1.10283498911253316499e-01
  +9.00479032456748429425e-01
  +7.09892022391318655572e-01
  -4.27778067710201492790e-01
  -9.94739716020655029283e-01
  -2.34596502792379008051e-01
  +8.38527236237386675022e-01
  +7.92952733082786020979e-01
  -3.10518031874183475516e-01
  -9.99719633693477605085e-01
  -3.55172552633415461454e-01
  +7.63218302525158542871e-01
  +8.63382275431217260930e-01
  -1.88311666489701157179e-01
  -9.88774734587004155983e-01
  -4.70090958436019445976e-01
  +6.75751848623615369860e-01
  +9.20058757338160115857e-01
  -6.31056313127377477290e-02
  -9.62079363094472395090e-01
  -5.77521152413537519621e-01
  +5.77521152413615901366e-01
  +9.62079363094446193827e-01
  +6.31056313125851753298e-02
  -9.20058757338175547957e-01
  -6.75751848623586504061e-01
  +4.70090958436054029423e-01
  +9.88774734586989834106e-01
  +1.88311666489718504414e-01
  -8.63382275431237022900e-01
  -7.63218302525133229786e-01
  +3.55172552633505222985e-01
  +9.99719633693478049175e-01
  +3.10518031874146227533e-01
  -7.92952733082809890774e-01
  -8.38527236237334272495e-01
  +2.34596502792361855105e-01
  +9.94739716020659026086e-01
  +4.27778067710166076676e-01
  -7.09892022391386268154e-01
  -9.00479032456756089964e-01
  +1.10283498911292271449e-01
  +9.73914308085522151259e-01
  +5.38223905724227402736e-01
  -6.15523240908168567387e-01
  -9.48086843500505094262e-01
  -1.57862420137088836636e-02
  +9.37575143700849156225e-01
  +6.40096222927119984369e-01
  -5.11349615642336052801e-01
  -9.80592311082396528299e-01
  -1.41604519424886110546e-01
  +8.86301079693252114033e-01
  +7.31772266367071488880e-01
  -3.99030557732373336588e-01
  -9.97477646416334295942e-01
  -2.65167138398591351045e-01
  +8.20908875129265136472e-01
  +8.11791702421001959422e-01
  -2.80355229217071733050e-01
  -9.98473878220383692650e-01
  -3.84505835032009635199e-01
  +7.42440180929302417923e-01
  +8.78879878861433372350e-01
  -1.57214042967333877954e-01
  -9.83565137236369513296e-01
  -4.97719629475660840789e-01
  +6.52144947115226969458e-01
  +9.31968129152405455606e-01
  -3.15685497648053939312e-02
  -9.52988909015846097361e-01
  -6.03005107179574562082e-01
  +5.51461512003172282803e-01
  +9.70210795540988324426e-01
  +9.45798077948257487346e-02
  -9.07232250945501084161e-01
  -6.98685145993253153840e-01
  +4.41993690505568748161e-01
  +9.92998699778667726079e-01
  +2.19221576847648702557e-01
  -8.47024033772336815140e-01
  -7.83235631518899633186e-01
  +3.25485226510223879526e-01
  +9.99968846894156659921e-01
  +3.40371303404048808350e-01
  -7.73323331215327702814e-01
  -8.55309735160406869880e-01
  +2.03792016290188587879e-01
  +9.91010207442800772348e-01
  +4.56099159207034809960e-01
  -6.87304142609188928326e-01
  -9.13759368137422867129e-01
  +7.88525454075379439445e-02
  +9.66265486126015593626e-01
  +5.64561682511915408078e-01
  -5.90336691936553248361e-01
  -9.57653469715912697424e-01
  -4.73429899715855639908e-02
  +9.26128848607841170804e-01
  +6.64031143110410559949e-01
  -4.83965601142887114072e-01
  -9.86292838338007737953e-01
  -1.72784385474102686331e-01
  +8.71239642738471542494e-01
  +7.52923063833342842699e-01
  -3.69885285416515219303e-01
  -9.99221269401275868915e-01
  -2.95473449634649776296e-01
  +8.02472214201607081385e-01
  +8.29821460135746646891e-01
  -2.49912962370299029935e-01
  -9.96232822271008289228e-01
  -4.13455833652092541453e-01
  +7.20921978814767161481e-01
  +8.93501395714879853571e-01
  -1.25959705067845012527e-01
  -9.77375100766716187195e-01
  -5.24852162764408713969e-01
  +6.27887973340845895187e-01
  +9.42948494867395403674e-01
  -3.91886975727153042073e-14
</dep>
<dep _net7.Vt time>
  +0.00000000000000000000e+00
  +0.00000000000000000000e+00
  +0.00000000000000000000e+00
  +0.00000000000000000000e+00
  +0.00000000000000000000e+00
  +0.00000000000000000000e+00
  +0.00000000000000000000e+00
  +0.00000000000000000000e+00
  +0.00000000000000000000e+00
  +0.00000000000000000000e+00
  +0.00000000000000000000e+00
  +0.00000000000000000000e+00
  +0.00000000000000000000e+00
  +0.00000000000000000000e+00
  +0.00000000000000000000e+00
  +0.00000000000000000000e+00
  +0.00000000000000000000e+00
  +0.00000000000000000000e+00
  +0.00000000000000000000e+00
  +0.00000000000000000000e+00
  +0.00000000000000000000e+00
  +0.00000000000000000000e+00
  +0.00000000000000000000e+00
  +0.00000000000000000000e+00
  +0.00000000000000000000e+00
  +0.00000000000000000000e+00
  +0.00000000000000000000e+00
  +0.00000000000000000000e+00
  +0.00000000000000000000e+00
  +0.00000000000000000000e+00
  +0.00000000000000000000e+00
  +0.00000000000000000000e+00
  +0.00000000000000000000e+00
  +0.00000000000000000000e+00
  +0.00000000000000000000e+00
  +0.00000000000000000000e+00
  +0.00000000000000000000e+00
  +0.00000000000000000000e+00
  +0.00000000000000000000e+00
  +0.00000000000000000000e+00
  +0.00000000000000000000e+00
  +0.00000000000000000000e+00
  +0.00000000000000000000e+00
  +0.00000000000000000000e+00
  +0.00000000000000000000e+00
  +0.00000000000000000000e+00
  +0.00000000000000000000e+00
  +0.00000000000000000000e+00
  +0.00000000000000000000e+00
  +0.00000000000000000000e+00
  +0.00000000000000000000e+00
  +0.00000000000000000000e+00
  +0.00000000000000000000e+00
  +0.00000000000000000000e+00
  +0.00000000000000000000e+00
  +0.00000000000000000000e+00
  +0.00000000000000000000e+00
  +0.00000000000000000000e+00
  +0.00000000000000000000e+00
  +0.00000000000000000000e+00
  +0.00000000000000000000e+00
  +0.00000000000000000000e+00
  +0.00000000000000000000e+00
  +0.00000000000000000000e+00
  +0.00000000000000000000e+00
  +0.00000000000000000000e+00
  +0.00000000000000000000e+00
  +0.00000000000000000000e+00
  +0.00000000000000000000e+00
  +0.00000000000000000000e+00
  +0.00000000000000000000e+00
  +0.00000000000000000000e+00
  +0.00000000000000000000e+00
  +0.00000000000000000000e+00
  +0.00000000000000000000e+00
  +0.00000000000000000000e+00
  +0.00000000000000000000e+00
  +0.00000000000000000000e+00
  +0.00000000000000000000e+00
  +0.00000000000000000000e+00
  +0.00000000000000000000e+00
  +0.00000000000000000000e+00
  +0.00000000000000000000e+00
  +0.00000000000000000000e+00
  +0.00000000000000000000e+00
  +0.00000000000000000000e+00
  +0.00000000000000000000e+00
  +0.00000000000000000000e+00
  +0.00000000000000000000e+00
  +0.00000000000000000000e+00
  +0.00000000000000000000e+00
  +0.00000000000000000000e+00
  +0.00000000000000000000e+00
  +0.00000000000000000000e+00
  +0.00000000000000000000e+00
  +0.00000000000000000000e+00
  +0.00000000000000000000e+00
  +0.00000000000000000000e+00
  +0.00000000000000000000e+00
  +0.00000000000000000000e+00
  +0.00000000000000000000e+00
  +0.00000000000000000000e+00
  +0.00000000000000000000e+00
  +0.00000000000000000000e+00
  +0.00000000000000000000e+00
  +0.00000000000000000000e+00
  +0.00000000000000000000e+00
  +0.00000000000000000000e+00
  +0.00000000000000000000e+00
  +0.00000000000000000000e+00
  +0.00000000000000000000e+00
  +0.00000000000000000000e+00
  +0.00000000000000000000e+00
  +0.00000000000000000000e+00
  +0.00000000000000000000e+00
  +0.00000000000000000000e+00
  +0.00000000000000000000e+00
  +0.00000000000000000000e+00
  +0.00000000000000000000e+00
  +0.00000000000000000000e+00
  +0.00000000000000000000e+00
  +0.00000000000000000000e+00
  +0.00000000000000000000e+00
  +0.00000000000000000000e+00
  +0.00000000000000000000e+00
  +0.00000000000000000000e+00
  +0.00000000000000000000e+00
  +0.00000000000000000000e+00
  +0.00000000000000000000e+00
  +0.00000000000000000000e+00
  +0.00000000000000000000e+00
  +0.00000000000000000000e+00
  +0.00000000000000000000e+00
  +0.00000000000000000000e+00
  +0.00000000000000000000e+00
  +0.00000000000000000000e+00
  +0.00000000000000000000e+00
  +0.00000000000000000000e+00
  +0.00000000000000000000e+00
  +0.00000000000000000000e+00
  +0.00000000000000000000e+00
  +0.00000000000000000000e+00
  +0.00000000000000000000e+00
  +0.00000000000000000000e+00
  +0.00000000000000000000e+00
  +0.00000000000000000000e+00
  +0.00000000000000000000e+00
  +0.00000000000000000000e+00
  +0.00000000000000000000e+00
  +0.00000000000000000000e+00
  +0.00000000000000000000e+00
  +0.00000000000000000000e+00
  +0.00000000000000000000e+00
  +0.00000000000000000000e+00
  +0.00000000000000000000e+00
  +0.00000000000000000000e+00
  +0.00000000000000000000e+00
  +0.00000000000000000000e+00
  +0.00000000000000000000e+00
  +0.00000000000000000000e+00
  +0.00000000000000000000e+00
  +0.00000000000000000000e+00
  +0.00000000000000000000e+00
  +0.00000000000000000000e+00
  +0.00000000000000000000e+00
  +0.00000000000000000000e+00
  +0.00000000000000000000e+00
  +0.00000000000000000000e+00
  +0.00000000000000000000e+00
  +0.00000000000000000000e+00
  +0.00000000000000000000e+00
  +0.00000000000000000000e+00
  +0.00000000000000000000e+00
  +0.00000000000000000000e+00
  +0.00000000000000000000e+00
  +0.00000000000000000000e+00
  +0.00000000000000000000e+00
  +0.00000000000000000000e+00
  +0.00000000000000000000e+00
  +0.00000000000000000000e+00
  +0.00000000000000000000e+00
  +0.00000000000000000000e+00
  +0.00000000000000000000e+00
  +0.00000000000000000000e+00
  +0.00000000000000000000e+00
  +0.00000000000000000000e+00
  +0.00000000000000000000e+00
  +0.00000000000000000000e+00
  +0.00000000000000000000e+00
  +0.00000000000000000000e+00
  +0.00000000000000000000e+00
  +0.00000000000000000000e+00
  +0.00000000000000000000e+00
  +0.00000000000000000000e+00
  +0.00000000000000000000e+00
  +0.00000000000000000000e+00
  +0.00000000000000000000e+00
  +0.00000000000000000000e+00
  +0.00000000000000000000e+00
  +0.00000000000000000000e+00
</dep>
<dep _net6.Vt time>
  +0.00000000000000000000e+00
  +0.00000000000000000000e+00
  +0.00000000000000000000e+00
  +0.00000000000000000000e+00
  +0.00000000000000000000e+00
  +0.00000000000000000000e+00
  +0.00000000000000000000e+00
  +0.00000000000000000000e+00
  +0.00000000000000000000e+00
  +0.00000000000000000000e+00
  +0.00000000000000000000e+00
  +0.00000000000000000000e+00
  +0.00000000000000000000e+00
  +0.00000000000000000000e+00
  +0.00000000000000000000e+00
  +0.00000000000000000000e+00
  +0.00000000000000000000e+00
  +0.00000000000000000000e+00
  +0.00000000000000000000e+00
  +0.00000000000000000000e+00
  +0.00000000000000000000e+00
  +0.00000000000000000000e+00
  +0.00000000000000000000e+00
  +0.00000000000000000000e+00
  +0.00000000000000000000e+00
  +0.00000000000000000000e+00
  +0.00000000000000000000e+00
  +0.00000000000000000000e+00
  +0.00000000000000000000e+00
  +0.00000000000000000000e+00
  +0.00000000000000000000e+00
  +0.00000000000000000000e+00
  +0.00000000000000000000e+00
  +0.00000000000000000000e+00
  +0.00000000000000000000e+00
  +0.00000000000000000000e+00
  +0.00000000000000000000e+00
  +0.00000000000000000000e+00
  +0.00000000000000000000e+00
  +0.00000000000000000000e+00
  +0.00000000000000000000e+00
  +0.00000000000000000000e+00
  +0.00000000000000000000e+00
  +0.00000000000000000000e+00
  +0.00000000000000000000e+00
  +0.00000000000000000000e+00
  +0.00000000000000000000e+00
  +0.00000000000000000000e+00
  +0.00000000000000000000e+00
  +0.00000000000000000000e+00
  +0.00000000000000000000e+00
  +0.00000000000000000000e+00
  +0.00000000000000000000e+00
  +0.00000000000000000000e+00
  +0.00000000000000000000e+00
  +0.00000000000000000000e+00
  +0.00000000000000000000e+00
  +0.00000000000000000000e+00
  +0.00000000000000000000e+00
  +0.00000000000000000000e+00
  +0.00000000000000000000e+00
  +0.00000000000000000000e+00
  +0.00000000000000000000e+00
  +0.00000000000000000000e+00
  +0.00000000000000000000e+00
  +0.00000000000000000000e+00
  +0.00000000000000000000e+00
  +0.00000000000000000000e+00
  +0.00000000000000000000e+00
  +0.00000000000000000000e+00
  +0.00000000000000000000e+00
  +0.00000000000000000000e+00
  +0.00000000000000000000e+00
  +0.00000000000000000000e+00
  +0.00000000000000000000e+00
  +0.00000000000000000000e+00
  +0.00000000000000000000e+00
  +0.00000000000000000000e+00
  +0.00000000000000000000e+00
  +0.00000000000000000000e+00
  +0.00000000000000000000e+00
  +0.00000000000000000000e+00
  +0.00000000000000000000e+00
  +0.00000000000000000000e+00
  +0.00000000000000000000e+00
  +0.00000000000000000000e+00
  +0.00000000000000000000e+00
  +0.00000000000000000000e+00
  +0.00000000000000000000e+00
  +0.00000000000000000000e+00
  +0.00000000000000000000e+00
  +0.00000000000000000000e+00
  +0.00000000000000000000e+00
  +0.00000000000000000000e+00
  +0.00000000000000000000e+00
  +0.00000000000000000000e+00
  +0.00000000000000000000e+00
  +0.00000000000000000000e+00
  +0.00000000000000000000e+00
  +0.00000000000000000000e+00
  +0.00000000000000000000e+00
  +0.00000000000000000000e+00
  +0.00000000000000000000e+00
  +0.00000000000000000000e+00
  +0.00000000000000000000e+00
  +0.00000000000000000000e+00
  +0.00000000000000000000e+00
  +0.00000000000000000000e+00
  +0.00000000000000000000e+00
  +0.00000000000000000000e+00
  +0.00000000000000000000e+00
  +0.00000000000000000000e+00
  +0.00000000000000000000e+00
  +0.00000000000000000000e+00
  +0.00000000000000000000e+00
  +0.00000000000000000000e+00
  +0.00000000000000000000e+00
  +0.00000000000000000000e+00
  +0.00000000000000000000e+00
  +0.00000000000000000000e+00
  +0.00000000000000000000e+00
  +0.00000000000000000000e+00
  +0.00000000000000000000e+00
  +0.00000000000000000000e+00
  +0.00000000000000000000e+00
  +0.00000000000000000000e+00
  +0.00000000000000000000e+00
  +0.00000000000000000000e+00
  +0.00000000000000000000e+00
  +0.00000000000000000000e+00
  +0.00000000000000000000e+00
  +0.00000000000000000000e+00
  +0.00000000000000000000e+00
  +0.00000000000000000000e+00
  +0.00000000000000000000e+00
  +0.00000000000000000000e+00
  +0.00000000000000000000e+00
  +0.00000000000000000000e+00
  +0.00000000000000000000e+00
  +0.00000000000000000000e+00
  +0.00000000000000000000e+00
  +0.00000000000000000000e+00
  +0.00000000000000000000e+00
  +0.00000000000000000000e+00
  +0.00000000000000000000e+00
  +0.00000000000000000000e+00
  +0.00000000000000000000e+00
  +0.00000000000000000000e+00
  +0.00000000000000000000e+00
  +0.00000000000000000000e+00
  +0.00000000000000000000e+00
  +0.00000000000000000000e+00
  +0.00000000000000000000e+00
  +0.00000000000000000000e+00
  +0.00000000000000000000e+00
  +0.00000000000000000000e+00
  +0.00000000000000000000e+00
  +0.00000000000000000000e+00
  +0.00000000000000000000e+00
  +0.00000000000000000000e+00
  +0.00000000000000000000e+00
  +0.00000000000000000000e+00
  +0.00000000000000000000e+00
  +0.00000000000000000000e+00
  +0.00000000000000000000e+00
  +0.00000000000000000000e+00
  +0.00000000000000000000e+00
  +0.00000000000000000000e+00
  +0.00000000000000000000e+00
  +0.00000000000000000000e+00
  +0.00000000000000000000e+00
  +0.00000000000000000000e+00
  +0.00000000000000000000e+00
  +0.00000000000000000000e+00
  +0.00000000000000000000e+00
  +0.00000000000000000000e+00
  +0.00000000000000000000e+00
  +0.00000000000000000000e+00
  +0.00000000000000000000e+00
  +0.00000000000000000000e+00
  +0.00000000000000000000e+00
  +0.00000000000000000000e+00
  +0.00000000000000000000e+00
  +0.00000000000000000000e+00
  +0.00000000000000000000e+00
  +0.00000000000000000000e+00
  +0.00000000000000000000e+00
  +0.00000000000000000000e+00
  +0.00000000000000000000e+00
  +0.00000000000000000000e+00
  +0.00000000000000000000e+00
  +0.00000000000000000000e+00
  +0.00000000000000000000e+00
  +0.00000000000000000000e+00
  +0.00000000000000000000e+00
  +0.00000000000000000000e+00
  +0.00000000000000000000e+00
  +0.00000000000000000000e+00
  +0.00000000000000000000e+00
  +0.00000000000000000000e+00
</dep>
<dep _net4.Vt time>
  +0.00000000000000000000e+00
  +0.00000000000000000000e+00
  +0.00000000000000000000e+00
  +0.00000000000000000000e+00
  +0.00000000000000000000e+00
  +0.00000000000000000000e+00
  +0.00000000000000000000e+00
  +0.00000000000000000000e+00
  +0.00000000000000000000e+00
  +0.00000000000000000000e+00
  +0.00000000000000000000e+00
  -4.24428008749126284282e-01
  -3.90671175542406490244e-01
  +1.64290023869431395243e-01
  +5.00068168791757639013e-01
  +1.68675535591163133775e-01
  -3.87744455091859063778e-01
  -4.26880223997537833203e-01
  +1.03490565111317170399e-01
  +4.95760624125356930136e-01
  -1.39422801492965486858e-02
  +1.24435165864051899831e-02
  -7.32705673458133865950e-03
  -1.73238111513118325790e-02
  -4.18841060277896914954e-03
  +1.45583353615973409845e-02
  +1.38581361293904636867e-02
  -5.23543733981579606507e-03
  -1.73918915959574496566e-02
  -6.29425878282785511431e-03
  +1.31973190886403024535e-02
  +1.50912440470095665646e-02
  -3.03226936293787829868e-03
  -1.71877980365743310287e-02
  -8.31363489149150591828e-03
  +1.16438809212530136605e-02
  +1.60787186115749491933e-02
  -9.23774141569522200257e-04
  -1.67129080671418184245e-02
  -1.01896706687186755502e-02
  +9.93200680108752287367e-03
  +1.67702332418578903273e-02
  +1.17736145362734578868e-03
  -1.59630870422978188294e-02
  -1.18276770760123994819e-02
  +8.10989525366700991782e-03
  +1.72250361610370439358e-02
  +3.33612511541325762465e-03
  -1.49656290997970953249e-02
  -1.33400772125636946086e-02
  +6.07347949329717362588e-03
  +1.73991093674740297803e-02
  +5.45494602052909449696e-03
  -1.37030893405526432716e-02
  -1.46460471038462047844e-02
  +3.94651737975160177285e-03
  +1.72987877877878865052e-02
  +7.49314532027844926176e-03
  -1.22850197104641400969e-02
  -1.57033025725273889250e-02
  +1.85880249551129139718e-03
  +1.69179152868608739801e-02
  +9.43478158357879959084e-03
  -1.06130276643719989593e-02
  -1.65504572050694243046e-02
  -3.28475652504600645898e-04
  +1.62803455691873932842e-02
  +1.11919919795574474009e-02
  -8.78323458715368765581e-03
  -1.71003227735131713150e-02
  -2.52118235667786461107e-03
  +1.53705191123986173451e-02
  +1.27830120384786471988e-02
  -6.80324471575666223089e-03
  -1.73639139479566106949e-02
  -4.72941722792097340999e-03
  +1.42052497889371132089e-02
  +1.41943777081449118427e-02
  -4.78139998137994126637e-03
  -1.73683694483750261650e-02
  -6.77719991317615733095e-03
  +1.28468460739690204520e-02
  +1.53403102368836474767e-02
  -2.64795632509362555140e-03
  -1.70978639530663112378e-02
  -8.74842341222381580934e-03
  +1.12738172034343442363e-02
  +1.62737692086335483665e-02
  -4.78408714204459073471e-04
  -1.65376843419766661469e-02
  -1.05509410983868345824e-02
  +9.51989429060895453460e-03
  +1.69214858133766021808e-02
  +1.71011027906664558884e-03
  -1.57012751132587502489e-02
  -1.22180321368527966541e-02
  +7.60539211032562612047e-03
  +1.72931352625370904352e-02
  +3.88603458136393964395e-03
  -1.46822674369608829892e-02
  -1.36810109832479209757e-02
  +5.56697238288972329201e-03
  +1.74006455211167393449e-02
  +6.01630250137485944606e-03
  -1.33995882211650485516e-02
  -1.49559732875333972757e-02
  +3.43689766927157691612e-03
  +1.72315254199295608828e-02
  +8.04268948111552806068e-03
  -1.18949728788493303000e-02
  -1.59599205862051563010e-02
  +1.27134416311813769340e-03
  +1.67952752271266769757e-02
  +9.87950164131423669289e-03
  -1.01787342219844534341e-02
  -1.67112532734875474105e-02
  -8.86021429693406581407e-04
  +1.60877777567259294678e-02
  +1.16332116864792389777e-02
  -8.33583815842897646320e-03
  -1.71789503766561768572e-02
  -3.06757341936503280522e-03
  +1.50635148402868401796e-02
  +1.31770259337896655794e-02
  -6.34072337478708281111e-03
  -1.73944668478847805360e-02
  -5.19630643522372981380e-03
  +1.39133537933674444886e-02
  +1.45135725019903683020e-02
  -4.27638386866369124562e-03
  -1.73231411747689911795e-02
  -7.25666909812483496012e-03
  +1.24482883967134139169e-02
  +1.55994288959418470064e-02
  -2.11289970841110896771e-03
  -1.69787590300408686161e-02
  -9.19310393139571857546e-03
  +1.08454489903837547615e-02
  +1.64436187533910094238e-02
  +6.64608014134815405782e-05
  -1.63715059828324349667e-02
  -1.09964001398553667954e-02
  +9.02390016625420621210e-03
  +1.70315023419355393575e-02
  +2.25676987307010801231e-03
  -1.55047275523064187475e-02
  -1.26143236415728887678e-02
  +7.09647875312213738397e-03
  +1.73435788859115369576e-02
  +4.41211797612028888693e-03
  -1.43788121716690309171e-02
  -1.40338589628492549366e-02
  +5.04602854964275593375e-03
  +1.73803415678176337300e-02
  +6.50308528785192851984e-03
  -1.30317309535162850764e-02
  -1.52205120155033402085e-02
  +2.88580389452197660916e-03
  +1.71458055739352188684e-02
  +8.49653437366448827106e-03
  -1.14882759769582287745e-02
  -1.61622557090872476238e-02
  +7.33742437027729010879e-04
  +1.66242757109305583363e-02
  +1.03440047434291138018e-02
  -9.73425537434768894940e-03
  -1.68425873261497938138e-02
  -1.42751696469589628435e-03
  +1.58274322855714300040e-02
  +1.20700063220382514118e-02
  -7.82614067359621579101e-03
  -1.72618842112305936887e-02
  -3.64292353740924834682e-03
  +1.48164268169287405286e-02
  +1.35622866285188825586e-02
  -5.82916799551358444376e-03
  -1.74011612920386762871e-02
  -5.75572215374042794878e-03
  +1.35614315444968491775e-02
  +1.47930342224376065730e-02
  -3.72534937730251147769e-03
  -1.72679294384548431829e-02
  -7.77404428585692919285e-03
  +1.20928825733331857251e-02
  +1.58212254539685792665e-02
  -1.57792935787415267157e-03
  -1.68470956492786649861e-02
  -9.65788601462802542841e-03
  +1.04415791977565675097e-02
  +1.66170242366948106572e-02
  +6.06832811419155682131e-04
  -1.61793530762117110378e-02
  -1.14037355604051926505e-02
  +8.56952499211305340765e-03
  +1.71337264484139606413e-02
  +2.79510301732421861942e-03
  -1.52459754826396176597e-02
  -1.29783998512476017595e-02
  +6.61175820444448447688e-03
  +1.73780092390124554780e-02
</dep>
<dep _net0.Vt time>
  +0.00000000000000000000e+00
  -4.71474247433718518518e-01
  -3.13943986670429109331e-01
  +2.62426081382234666073e-01
  +4.88687550383353541683e-01
  +6.29798525338590015066e-02
  -4.46750697857437539806e-01
  -3.60460989407357657033e-01
  +2.06727916826067364964e-01
  +4.98116411135503367458e-01
  +1.24956481185154621993e-01
  -4.14910730067862443260e-01
  -4.01236107100787664503e-01
  +1.47736724817336823046e-01
  +4.99610634700637878947e-01
  +1.84942642708272403373e-01
  -3.76461531916688962873e-01
  -4.35619821369229720531e-01
  +8.63921927370496500753e-02
  +4.93146419169001259952e-01
  +2.41982800571420186841e-01
  -3.32015571555214605848e-01
  -4.63064424303921251536e-01
  +2.36714949857768711117e-02
  +4.78826734857966063164e-01
  +2.95168345968260803502e-01
  -2.82280841255962144931e-01
  -4.83132743063010072770e-01
  -3.94262727037352767034e-02
  +4.56879684068719427170e-01
  +3.96120080862196743965e-02
  +4.52404088424602224272e-02
  -9.39668193154463704531e-03
  -5.15469965069072777464e-02
  -2.48622036404788637753e-02
  +3.49733012172247503813e-02
  +4.81753413297889010458e-02
  -2.87526630777845682019e-03
  -5.01094746285958847487e-02
  -3.04229520007244236268e-02
  +2.98102251158235409534e-02
  +5.03266333819019640039e-02
  +3.66698360074391160879e-03
  -4.78701315911929103919e-02
  -3.55115162665328165659e-02
  +2.42382674946224341284e-02
  +5.16619269806372488629e-02
  +1.00966347589110938543e-02
  -4.49055438251511063186e-02
  -4.00483967662467188475e-02
  +1.82038599976728221463e-02
  +5.21771859862921183471e-02
  +1.63896665472078595371e-02
  -4.11253994019539215188e-02
  -4.39253759712779912050e-02
  +1.19531566146530154882e-02
  +5.18757982131348577282e-02
  +2.25038186459788347449e-02
  -3.67777318408485376366e-02
  -4.71358358207056293843e-02
  +5.56981658816535496470e-03
  +5.07496471899150924934e-02
  +2.83046322384236104241e-02
  -3.18500979152632757163e-02
  -4.96237721166405409967e-02
  -9.95310834993157200756e-04
  +4.88123379691874914599e-02
  +3.36025290768837692212e-02
  -2.63731600241803310070e-02
  -5.12719350795793060716e-02
  -7.63451529388958771705e-03
  +4.61064434818583834819e-02
  +3.83505050240199318878e-02
  -2.05064695014889331048e-02
  -5.20716754531254238936e-02
  -1.40851210847613428356e-02
  +4.26600038986001406371e-02
  +4.25869051224365691155e-02
  -1.43651509671361976572e-02
  -5.20855056109691336164e-02
  -2.03390078661609408073e-02
  +3.85476170619447611188e-02
  +4.60460620708449397398e-02
  -7.93953525739210519419e-03
  -5.12468489994068188143e-02
  -2.62547947823716931737e-02
  +3.38167103165220028771e-02
  +4.87939833066797223893e-02
  -1.43756231260883104994e-03
  -4.96132905436901250340e-02
  -3.16680278591264796617e-02
  +2.85348884782279377248e-02
  +5.07292180892058020003e-02
  +5.12406451639946247667e-03
  -4.71657764898064657544e-02
  -3.67023934097812087884e-02
  +2.28070142506132667037e-02
  +5.18548487470521513032e-02
  +1.16606969820294281703e-02
  -4.39715088500061135335e-02
  -4.10834947095202185352e-02
  +1.67105205492207309348e-02
  +5.21798959275390147883e-02
  +1.80141686353737506820e-02
  -4.00618314374598938343e-02
  -4.48032174005143501994e-02
  +1.03408650677977442811e-02
  +5.16586548305428272521e-02
  +2.41220861875001135743e-02
  -3.56189624001120863639e-02
  -4.78209605073361410099e-02
  +3.85018886887811273567e-03
  +5.03162562598777340916e-02
  +2.96938721076891454231e-02
  -3.05306696533061971977e-02
  -5.01058241948119931219e-02
  -2.64490580124354668357e-03
  +4.82162584633610280527e-02
  +3.48801957998737810485e-02
  -2.50145267813769445198e-02
  -5.15280590016793660357e-02
  -9.20821609592292755764e-03
  +4.52466561309491366316e-02
  +3.95070394948997538620e-02
  -1.90427128406599477373e-02
  -5.21578261341128085471e-02
  -1.56109053619388760126e-02
  +4.15937107828184826630e-02
  +4.34751149129208869226e-02
  -1.28256494681903143729e-02
  -5.19578235246332120756e-02
  -2.17888347197291443180e-02
  +3.73389214166164329356e-02
  +4.67521175700773006234e-02
  -6.35014267399269805026e-03
  -5.09115787322977908502e-02
  -2.76392925356263585712e-02
  +3.25317500414801230590e-02
  +4.93528880355516563760e-02
  +1.82622120961539735617e-04
  -4.90958935192688517013e-02
  -3.30053721053331639013e-02
  +2.70811888390772859125e-02
  +5.10774837891304345217e-02
  +6.75434854460343903071e-03
  -4.64861067008124351219e-02
  -3.78338121434413920952e-02
  +2.13281271551990503355e-02
  +5.20089591317868735199e-02
  +1.32430682277653311019e-02
  -4.31117075537896798920e-02
  -4.21114663494919216902e-02
  +1.50707836122396798828e-02
  +5.21271044416453527282e-02
  +1.95347774082719194411e-02
  -3.90832287751240459173e-02
  -4.56484209143339092485e-02
  +8.74511213461548475578e-03
  +5.13911834764786967789e-02
  +2.54866071081321088343e-02
  -3.44011112645941086186e-02
  -4.84561876185884421453e-02
  +2.25360868536206293555e-03
  +4.98541413493674423485e-02
  +3.10275820840885119267e-02
  -2.91869539665159383190e-02
  -5.05137565574999836127e-02
  -4.28496894644470049940e-03
  +4.75226836064970292739e-02
  +3.61105765490855601385e-02
  -2.35152925686142877382e-02
  -5.17721430939361848544e-02
  -1.08524492783266257590e-02
  +4.44497754709788361893e-02
  +4.06143114928644299866e-02
  -1.74855928879072974880e-02
  -5.21828434410108246699e-02
  -1.72451292337312267478e-02
  +4.06164558761626937056e-02
  +4.43564149901318760527e-02
  -1.11436195786062119950e-02
  -5.17780641023198734407e-02
  -2.32916438743859810501e-02
  +3.62233683262140893078e-02
  +4.74751795297123635464e-02
  -4.71344597010470156562e-03
  -5.05482949180351692764e-02
  -2.89929513370404956518e-02
  +3.12382790384034825237e-02
  +4.98301895837650610233e-02
  +1.81580358798372198947e-03
  -4.85134374736003182171e-02
  -3.42607560932152166444e-02
  +2.57517932046924524769e-02
  +5.13729914150154731711e-02
  +8.40552943169448063543e-03
  -4.56701839080351223998e-02
  -3.89318918467161934061e-02
  +1.98198957871613679060e-02
  +5.21154322011206025400e-02
</dep>
<dep _net3.Vt time>
  +0.00000000000000000000e+00
  +0.00000000000000000000e+00
  +0.00000000000000000000e+00
  +0.00000000000000000000e+00
  +0.00000000000000000000e+00
  +0.00000000000000000000e+00
  +0.00000000000000000000e+00
  +0.00000000000000000000e+00
  +0.00000000000000000000e+00
  +0.00000000000000000000e+00
  +0.00000000000000000000e+00
  -4.24428008749126284282e-01
  -3.90671175542406490244e-01
  +1.64290023869431395243e-01
  +5.00068168791757639013e-01
  +1.68675535591163133775e-01
  -3.87744455091859063778e-01
  -4.26880223997537833203e-01
  +1.03490565111317170399e-01
  +4.95760624125356930136e-01
  -1.39422801492965486858e-02
  +1.24435165864051899831e-02
  -7.32705673458133865950e-03
  -1.73238111513118325790e-02
  -4.18841060277896914954e-03
  +1.45583353615973409845e-02
  +1.38581361293904636867e-02
  -5.23543733981579606507e-03
  -1.73918915959574496566e-02
  -6.29425878282785511431e-03
  +1.31973190886403024535e-02
  +1.50912440470095665646e-02
  -3.03226936293787829868e-03
  -1.71877980365743310287e-02
  -8.31363489149150591828e-03
  +1.16438809212530136605e-02
  +1.60787186115749491933e-02
  -9.23774141569522200257e-04
  -1.67129080671418184245e-02
  -1.01896706687186755502e-02
  +9.93200680108752287367e-03
  +1.67702332418578903273e-02
  +1.17736145362734578868e-03
  -1.59630870422978188294e-02
  -1.18276770760123994819e-02
  +8.10989525366700991782e-03
  +1.72250361610370439358e-02
  +3.33612511541325762465e-03
  -1.49656290997970953249e-02
  -1.33400772125636946086e-02
  +6.07347949329717362588e-03
  +1.73991093674740297803e-02
  +5.45494602052909449696e-03
  -1.37030893405526432716e-02
  -1.46460471038462047844e-02
  +3.94651737975160177285e-03
  +1.72987877877878865052e-02
  +7.49314532027844926176e-03
  -1.22850197104641400969e-02
  -1.57033025725273889250e-02
  +1.85880249551129139718e-03
  +1.69179152868608739801e-02
  +9.43478158357879959084e-03
  -1.06130276643719989593e-02
  -1.65504572050694243046e-02
  -3.28475652504600645898e-04
  +1.62803455691873932842e-02
  +1.11919919795574474009e-02
  -8.78323458715368765581e-03
  -1.71003227735131713150e-02
  -2.52118235667786461107e-03
  +1.53705191123986173451e-02
  +1.27830120384786471988e-02
  -6.80324471575666223089e-03
  -1.73639139479566106949e-02
  -4.72941722792097340999e-03
  +1.42052497889371132089e-02
  +1.41943777081449118427e-02
  -4.78139998137994126637e-03
  -1.73683694483750261650e-02
  -6.77719991317615733095e-03
  +1.28468460739690204520e-02
  +1.53403102368836474767e-02
  -2.64795632509362555140e-03
  -1.70978639530663112378e-02
  -8.74842341222381580934e-03
  +1.12738172034343442363e-02
  +1.62737692086335483665e-02
  -4.78408714204459073471e-04
  -1.65376843419766661469e-02
  -1.05509410983868345824e-02
  +9.51989429060895453460e-03
  +1.69214858133766021808e-02
  +1.71011027906664558884e-03
  -1.57012751132587502489e-02
  -1.22180321368527966541e-02
  +7.60539211032562612047e-03
  +1.72931352625370904352e-02
  +3.88603458136393964395e-03
  -1.46822674369608829892e-02
  -1.36810109832479209757e-02
  +5.56697238288972329201e-03
  +1.74006455211167393449e-02
  +6.01630250137485944606e-03
  -1.33995882211650485516e-02
  -1.49559732875333972757e-02
  +3.43689766927157691612e-03
  +1.72315254199295608828e-02
  +8.04268948111552806068e-03
  -1.18949728788493303000e-02
  -1.59599205862051563010e-02
  +1.27134416311813769340e-03
  +1.67952752271266769757e-02
  +9.87950164131423669289e-03
  -1.01787342219844534341e-02
  -1.67112532734875474105e-02
  -8.86021429693406581407e-04
  +1.60877777567259294678e-02
  +1.16332116864792389777e-02
  -8.33583815842897646320e-03
  -1.71789503766561768572e-02
  -3.06757341936503280522e-03
  +1.50635148402868401796e-02
  +1.31770259337896655794e-02
  -6.34072337478708281111e-03
  -1.73944668478847805360e-02
  -5.19630643522372981380e-03
  +1.39133537933674444886e-02
  +1.45135725019903683020e-02
  -4.27638386866369124562e-03
  -1.73231411747689911795e-02
  -7.25666909812483496012e-03
  +1.24482883967134139169e-02
  +1.55994288959418470064e-02
  -2.11289970841110896771e-03
  -1.69787590300408686161e-02
  -9.19310393139571857546e-03
  +1.08454489903837547615e-02
  +1.64436187533910094238e-02
  +6.64608014134815405782e-05
  -1.63715059828324349667e-02
  -1.09964001398553667954e-02
  +9.02390016625420621210e-03
  +1.70315023419355393575e-02
  +2.25676987307010801231e-03
  -1.55047275523064187475e-02
  -1.26143236415728887678e-02
  +7.09647875312213738397e-03
  +1.73435788859115369576e-02
  +4.41211797612028888693e-03
  -1.43788121716690309171e-02
  -1.40338589628492549366e-02
  +5.04602854964275593375e-03
  +1.73803415678176337300e-02
  +6.50308528785192851984e-03
  -1.30317309535162850764e-02
  -1.52205120155033402085e-02
  +2.88580389452197660916e-03
  +1.71458055739352188684e-02
  +8.49653437366448827106e-03
  -1.14882759769582287745e-02
  -1.61622557090872476238e-02
  +7.33742437027729010879e-04
  +1.66242757109305583363e-02
  +1.03440047434291138018e-02
  -9.73425537434768894940e-03
  -1.68425873261497938138e-02
  -1.42751696469589628435e-03
  +1.58274322855714300040e-02
  +1.20700063220382514118e-02
  -7.82614067359621579101e-03
  -1.72618842112305936887e-02
  -3.64292353740924834682e-03
  +1.48164268169287405286e-02
  +1.35622866285188825586e-02
  -5.82916799551358444376e-03
  -1.74011612920386762871e-02
  -5.75572215374042794878e-03
  +1.35614315444968491775e-02
  +1.47930342224376065730e-02
  -3.72534937730251147769e-03
  -1.72679294384548431829e-02
  -7.77404428585692919285e-03
  +1.20928825733331857251e-02
  +1.58212254539685792665e-02
  -1.57792935787415267157e-03
  -1.68470956492786649861e-02
  -9.65788601462802542841e-03
  +1.04415791977565675097e-02
  +1.66170242366948106572e-02
  +6.06832811419155682131e-04
  -1.61793530762117110378e-02
  -1.14037355604051926505e-02
  +8.56952499211305340765e-03
  +1.71337264484139606413e-02
  +2.79510301732421861942e-03
  -1.52459754826396176597e-02
  -1.29783998512476017595e-02
  +6.61175820444448447688e-03
  +1.73780092390124554780e-02
</dep>
<dep _net2.Vt time>
  +0.00000000000000000000e+00
  +0.00000000000000000000e+00
  +0.00000000000000000000e+00
  +0.00000000000000000000e+00
  +0.00000000000000000000e+00
  +0.00000000000000000000e+00
  -4.50605872975914811818e-01
  -3.54390506830541296424e-01
  +2.14625288335020758534e-01
  +4.97304608771304279546e-01
  +1.16514576158139135376e-01
  -4.19748103291122942604e-01
  -3.96024567776065095082e-01
  +1.56040351545926048171e-01
  +4.99928291706756067203e-01
  +1.76839484378692651800e-01
  -3.82180065514129696513e-01
  -4.31339466083132283547e-01
  +9.49621716713342084448e-02
  +4.94524935520814667989e-01
  +2.34342648022683480713e-01
  -3.38533494604981055609e-01
  -4.59759197306241873537e-01
  +3.23576675590374202018e-02
  +4.81373806811080606760e-01
  +2.91098959770733634045e-02
  +2.77587208036073063155e-02
  -1.05103892225849593345e-02
  -3.47798756960798899351e-02
  -1.26451157886513509965e-02
  +2.63978819715309231952e-02
  +3.01705391955645607638e-02
  -6.20072546922367795474e-03
  -3.43706920767608975487e-02
  -1.65963968138677087083e-02
  +2.32797420397434784434e-02
  +3.21391349722754959828e-02
  -1.86553911548048567681e-03
  -3.34205597501443518738e-02
  -2.03019664336577809749e-02
  +1.99106994280892068971e-02
  +3.35534923351648584067e-02
  +2.41530500064723874232e-03
  -3.19297696545060016859e-02
  -2.37074079045643815178e-02
  +1.61436391240831200733e-02
  +3.44430813011686043357e-02
  +6.68295834124021936873e-03
  -2.99308510045072639905e-02
  -2.66742284870824519771e-02
  +1.21741812077823530203e-02
  +3.47940190962774953398e-02
  +1.09114916936824402072e-02
  -2.74403878659218447567e-02
  -2.92730736161198601408e-02
  +7.95821758199410922430e-03
  +3.45919677182575519003e-02
  +1.49985370014283914131e-02
  -2.45324377188735898159e-02
  -3.14243351633597400863e-02
  +3.71461780824855480887e-03
  +3.38401922055942272483e-02
  +1.88567308042123515932e-02
  -2.12280027346340993688e-02
  -3.30850699405504933281e-02
  -6.57671955857752621455e-04
  +3.25506918556163760137e-02
  +2.23887845092090032040e-02
  -1.75757927413716652509e-02
  -3.41850719638090994046e-02
  -5.08267204388967996920e-03
  +3.07362175974263962530e-02
  +2.55755425697089533443e-02
  -1.36532052360136546554e-02
  -3.47235269710418348321e-02
  -9.40181537356066243660e-03
  +2.84369363825267562618e-02
  +2.83794346727419544152e-02
  -9.55870797795155269228e-03
  -3.47331466686901790819e-02
  -1.35980888355224927011e-02
  +2.56985359690184989034e-02
  +3.06945272781265487971e-02
  -5.29704404347963730970e-03
  -3.41775300290770578382e-02
  -1.74995961692508972263e-02
  +2.25433017351781561644e-02
  +3.25280430966686240346e-02
  -9.59213809543890683074e-04
  -3.30839228819878594656e-02
  -2.10913527952620860617e-02
  +1.90314673820911606228e-02
  +3.38318374517761755182e-02
  +3.41806748413620020699e-03
  -3.14329077971355896892e-02
  -2.44448833307818746974e-02
  +1.52112952738142626075e-02
  +3.45796887434959010488e-02
  +7.76966075878238182639e-03
  -2.93335671189801638903e-02
  -2.73861056162932881008e-02
  +1.11420287275594276366e-02
  +3.47953723053520888597e-02
  +1.20203296566119277600e-02
  -2.67353638265981352617e-02
  -2.98826398168546836231e-02
  +6.89304355803921353640e-03
  +3.44575349828024068977e-02
  +1.60676928636018789831e-02
  -2.37433762995290509323e-02
  -3.18929526401082186204e-02
  +2.55012146029709452222e-03
  +3.35632070540064497699e-02
  +1.97983334168695401800e-02
  -2.03849225515952969801e-02
  -3.34161089854659310028e-02
  -1.76603905632766178257e-03
  +3.21496697066782632923e-02
  +2.32474132455030568778e-02
  -1.66674267401084597040e-02
  -3.43578995481424176450e-02
  -6.14319300402055290533e-03
  +3.01747457715346167895e-02
  +2.63594880049762281260e-02
  -1.26743534090011378268e-02
  -3.47818462128584512949e-02
  -1.03978153198023282044e-02
  +2.77294250148280019275e-02
  +2.90081930133395671234e-02
  -8.55407975843536227956e-03
  -3.46443796317665447804e-02
  -1.45165699972806816476e-02
  +2.48808029152304266418e-02
  +3.11836095273939628569e-02
  -4.22811044833415472510e-03
  -3.39525229429208930121e-02
  -1.84282425297913610152e-02
  +2.17034431152077766924e-02
  +3.28985170114196034952e-02
  +1.23786705866768542705e-04
  -3.27437653116365301464e-02
  -2.19846283078988236070e-02
  +1.80602450055730168188e-02
  +3.40507664793577025097e-02
  +4.50829470331759463164e-03
  -3.09847157208377743665e-02
  -2.52340589432867856701e-02
  +1.42110634261133350620e-02
  +3.46825305247172449574e-02
  +8.83870537128228495050e-03
  -2.87453709384595246235e-02
  -2.80531416388951626573e-02
  +1.00891579537314424186e-02
  +3.47586328611789591170e-02
  +1.30179698501577956193e-02
  -2.60681141344998312803e-02
  -3.04421131664618926926e-02
  +5.81915920121500729323e-03
  +3.42653440266477982146e-02
  +1.69802644915916234325e-02
  -2.29721960617965681450e-02
  -3.23173082922969534536e-02
  +1.48875503804224429416e-03
  +3.32411221871352635659e-02
  +2.07102569191311980390e-02
  -1.94393451278049855802e-02
  -3.36749854660034486642e-02
  -2.85580026226117666965e-03
  +3.16814833648487725881e-02
  +2.41108558130767036687e-02
  -1.56736590678036025182e-02
  -3.45235654033829164611e-02
  -7.25315066216425385903e-03
  +2.96246210573770651919e-02
  +2.70857605298900905311e-02
  -1.16544145777821572807e-02
  -3.47954181509101678760e-02
  -1.15007533998019439991e-02
  +2.71054056319065539427e-02
  +2.95895812280203562850e-02
  -7.43249384387434375299e-03
  -3.45295866792614813967e-02
  -1.55277100443996785017e-02
  +2.41816720207618240934e-02
  +3.16687818261263132058e-02
  -3.15099183282963046793e-03
  -3.37038658482226027857e-02
  -1.93121733226739866751e-02
  +2.08160908425043533754e-02
  +3.32294166901491161425e-02
  +1.21155550269946843400e-03
  -3.23509756971859796515e-02
  -2.28137552725075076765e-02
  +1.71681046792686586855e-02
  +3.42598451884830179637e-02
  +5.59133309568160541403e-03
  -3.04767926831538416010e-02
  -2.59551689986482481132e-02
  +1.32137917365736656805e-02
  +3.47537317701093889655e-02
</dep>
<dep _net1.Vt time>
  +0.00000000000000000000e+00
  -4.71474247433718518518e-01
  -3.13943986670429109331e-01
  +2.62426081382234666073e-01
  +4.88687550383353541683e-01
  +6.29798525338590015066e-02
  -4.46750697857437539806e-01
  -3.60460989407357657033e-01
  +2.06727916826067364964e-01
  +4.98116411135503367458e-01
  +1.24956481185154621993e-01
  -4.14910730067862443260e-01
  -4.01236107100787664503e-01
  +1.47736724817336823046e-01
  +4.99610634700637878947e-01
  +1.84942642708272403373e-01
  -3.76461531916688962873e-01
  -4.35619821369229720531e-01
  +8.63921927370496500753e-02
  +4.93146419169001259952e-01
  +2.41982800571420186841e-01
  -3.32015571555214605848e-01
  -4.63064424303921251536e-01
  +2.36714949857768711117e-02
  +4.78826734857966063164e-01
  +2.95168345968260803502e-01
  -2.82280841255962144931e-01
  -4.83132743063010072770e-01
  -3.94262727037352767034e-02
  +4.56879684068719427170e-01
  +3.96120080862196743965e-02
  +4.52404088424602224272e-02
  -9.39668193154463704531e-03
  -5.15469965069072777464e-02
  -2.48622036404788637753e-02
  +3.49733012172247503813e-02
  +4.81753413297889010458e-02
  -2.87526630777845682019e-03
  -5.01094746285958847487e-02
  -3.04229520007244236268e-02
  +2.98102251158235409534e-02
  +5.03266333819019640039e-02
  +3.66698360074391160879e-03
  -4.78701315911929103919e-02
  -3.55115162665328165659e-02
  +2.42382674946224341284e-02
  +5.16619269806372488629e-02
  +1.00966347589110938543e-02
  -4.49055438251511063186e-02
  -4.00483967662467188475e-02
  +1.82038599976728221463e-02
  +5.21771859862921183471e-02
  +1.63896665472078595371e-02
  -4.11253994019539215188e-02
  -4.39253759712779912050e-02
  +1.19531566146530154882e-02
  +5.18757982131348577282e-02
  +2.25038186459788347449e-02
  -3.67777318408485376366e-02
  -4.71358358207056293843e-02
  +5.56981658816535496470e-03
  +5.07496471899150924934e-02
  +2.83046322384236104241e-02
  -3.18500979152632757163e-02
  -4.96237721166405409967e-02
  -9.95310834993157200756e-04
  +4.88123379691874914599e-02
  +3.36025290768837692212e-02
  -2.63731600241803310070e-02
  -5.12719350795793060716e-02
  -7.63451529388958771705e-03
  +4.61064434818583834819e-02
  +3.83505050240199318878e-02
  -2.05064695014889331048e-02
  -5.20716754531254238936e-02
  -1.40851210847613428356e-02
  +4.26600038986001406371e-02
  +4.25869051224365691155e-02
  -1.43651509671361976572e-02
  -5.20855056109691336164e-02
  -2.03390078661609408073e-02
  +3.85476170619447611188e-02
  +4.60460620708449397398e-02
  -7.93953525739210519419e-03
  -5.12468489994068188143e-02
  -2.62547947823716931737e-02
  +3.38167103165220028771e-02
  +4.87939833066797223893e-02
  -1.43756231260883104994e-03
  -4.96132905436901250340e-02
  -3.16680278591264796617e-02
  +2.85348884782279377248e-02
  +5.07292180892058020003e-02
  +5.12406451639946247667e-03
  -4.71657764898064657544e-02
  -3.67023934097812087884e-02
  +2.28070142506132667037e-02
  +5.18548487470521513032e-02
  +1.16606969820294281703e-02
  -4.39715088500061135335e-02
  -4.10834947095202185352e-02
  +1.67105205492207309348e-02
  +5.21798959275390147883e-02
  +1.80141686353737506820e-02
  -4.00618314374598938343e-02
  -4.48032174005143501994e-02
  +1.03408650677977442811e-02
  +5.16586548305428272521e-02
  +2.41220861875001135743e-02
  -3.56189624001120863639e-02
  -4.78209605073361410099e-02
  +3.85018886887811273567e-03
  +5.03162562598777340916e-02
  +2.96938721076891454231e-02
  -3.05306696533061971977e-02
  -5.01058241948119931219e-02
  -2.64490580124354668357e-03
  +4.82162584633610280527e-02
  +3.48801957998737810485e-02
  -2.50145267813769445198e-02
  -5.15280590016793660357e-02
  -9.20821609592292755764e-03
  +4.52466561309491366316e-02
  +3.95070394948997538620e-02
  -1.90427128406599477373e-02
  -5.21578261341128085471e-02
  -1.56109053619388760126e-02
  +4.15937107828184826630e-02
  +4.34751149129208869226e-02
  -1.28256494681903143729e-02
  -5.19578235246332120756e-02
  -2.17888347197291443180e-02
  +3.73389214166164329356e-02
  +4.67521175700773006234e-02
  -6.35014267399269805026e-03
  -5.09115787322977908502e-02
  -2.76392925356263585712e-02
  +3.25317500414801230590e-02
  +4.93528880355516563760e-02
  +1.82622120961539735617e-04
  -4.90958935192688517013e-02
  -3.30053721053331639013e-02
  +2.70811888390772859125e-02
  +5.10774837891304345217e-02
  +6.75434854460343903071e-03
  -4.64861067008124351219e-02
  -3.78338121434413920952e-02
  +2.13281271551990503355e-02
  +5.20089591317868735199e-02
  +1.32430682277653311019e-02
  -4.31117075537896798920e-02
  -4.21114663494919216902e-02
  +1.50707836122396798828e-02
  +5.21271044416453527282e-02
  +1.95347774082719194411e-02
  -3.90832287751240459173e-02
  -4.56484209143339092485e-02
  +8.74511213461548475578e-03
  +5.13911834764786967789e-02
  +2.54866071081321088343e-02
  -3.44011112645941086186e-02
  -4.84561876185884421453e-02
  +2.25360868536206293555e-03
  +4.98541413493674423485e-02
  +3.10275820840885119267e-02
  -2.91869539665159383190e-02
  -5.05137565574999836127e-02
  -4.28496894644470049940e-03
  +4.75226836064970292739e-02
  +3.61105765490855601385e-02
  -2.35152925686142877382e-02
  -5.17721430939361848544e-02
  -1.08524492783266257590e-02
  +4.44497754709788361893e-02
  +4.06143114928644299866e-02
  -1.74855928879072974880e-02
  -5.21828434410108246699e-02
  -1.72451292337312267478e-02
  +4.06164558761626937056e-02
  +4.43564149901318760527e-02
  -1.11436195786062119950e-02
  -5.17780641023198734407e-02
  -2.32916438743859810501e-02
  +3.62233683262140893078e-02
  +4.74751795297123635464e-02
  -4.71344597010470156562e-03
  -5.05482949180351692764e-02
  -2.89929513370404956518e-02
  +3.12382790384034825237e-02
  +4.98301895837650610233e-02
  +1.81580358798372198947e-03
  -4.85134374736003182171e-02
  -3.42607560932152166444e-02
  +2.57517932046924524769e-02
  +5.13729914150154731711e-02
  +8.40552943169448063543e-03
  -4.56701839080351223998e-02
  -3.89318918467161934061e-02
  +1.98198957871613679060e-02
  +5.21154322011206025400e-02
</dep>
<dep Pr1.i acfrequency>
  +1.99455587158565011974e-02-j1.04204694205721200111e-03
</dep>
<dep Pr2.i acfrequency>
  +1.99697377437799070132e-02-j1.04331016473592648984e-03
</dep>
<dep Pr3.i acfrequency>
  +1.99727608085895520784e-02-j1.04346810342721154317e-03
</dep>
<dep V1.i acfrequency>
  -1.99455587158565046668e-02+j1.04204694205721200111e-03
</dep>
<dep _net5.v acfrequency>
  +1.00000000000000000000e+00
</dep>
<dep _net7.v acfrequency>
  +0.00000000000000000000e+00
</dep>
<dep _net6.v acfrequency>
  +0.00000000000000000000e+00
</dep>
<dep _net4.v acfrequency>
  +9.07721086947510719979e-04+j1.73744612709958237695e-02
</dep>
<dep _net0.v acfrequency>
  +2.72206420717494923869e-03+j5.21023471028606022237e-02
</dep>
<dep _net3.v acfrequency>
  +9.07721086947510719979e-04+j1.73744612709958237695e-02
</dep>
<dep _net2.v acfrequency>
  +1.81516738968254091879e-03+j3.47436629664168716847e-02
</dep>
<dep _net1.v acfrequency>
  +2.72206420717494923869e-03+j5.21023471028606022237e-02
</dep>
